61440
49153
61442
49155
53252
45061
45062
53255
53256
57353
45066
49163
61452
45069
57358
57359
61456
57361
61458
49171
61460
53269
61462
57367
49176
45081
49178
45083
61468
49181
61470
53279
57376
49185
53282
61475
61476
57381
45094
45095
57384
53289
49194
49195
53292
57389
61486
53295
45104
57393
61490
61491
53300
61493
49206
57399
53304
61497
61498
49211
57404
53309
49214
49215
49216
53313
49218
49219
45124
61509
61510
53319
49224
57417
53322
45131
53324
57421
49230
53327
49232
61521
45138
49235
49236
49237
53334
45143
53336
45145
61530
61531
45148
53341
53342
53343
53344
45153
57442
61539
61540
49253
45158
61543
53352
61545
53354
45163
53356
49261
57454
61551
45168
49265
57458
49267
57460
61557
61558
53367
45176
61561
45178
57467
61564
53373
49278
45183
53376
45185
57474
61571
61572
53381
45190
53383
53384
49289
45194
57483
53388
61581
61582
53391
61584
57489
61586
57491
61588
45205
53398
61591
57496
49305
45210
53403
53404
45213
57502
57503
45216
61601
53410
45219
49316
61605
45222
53415
57512
49321
45226
53419
45228
57517
61614
45231
61616
61617
53426
45235
49332
45237
53430
49335
57528
53433
57530
53435
57532
61629
45246
61631
57536
61633
57538
45251
57540
45253
57542
57543
49352
57545
53450
45259
57548
57549
61646
61647
45264
61649
53458
53459
53460
49365
45270
57559
57560
53465
53466
45275
53468
53469
61662
49375
57568
45281
57570
45283
49380
45285
49382
45287
45288
53481
57578
45291
49388
53485
53486
57583
53488
61681
53490
57587
45300
57589
61686
45303
49400
49401
49402
49403
61692
45309
49406
49407
49408
49409
57602
53507
49412
45317
45318
61703
53512
57609
45322
45323
49420
49421
57614
61711
49424
57617
45330
53523
49428
53525
61718
45335
57624
45337
61722
49435
53532
49437
57630
61727
45344
61729
45346
53539
57636
57637
57638
45351
45352
53545
57642
53547
53548
45357
49454
57647
45360
45361
57650
57651
57652
45365
57654
57655
49464
53561
61754
49467
61756
49469
61758
45375
53568
57665
53570
45379
45380
53573
53574
49479
53576
57673
61770
49483
45388
57677
53582
45391
61776
53585
61778
57683
53588
61781
61782
45399
45400
61785
61786
45403
53596
45405
53598
45407
53600
45409
61794
45411
53604
49509
57702
45415
57704
57705
61802
53611
53612
53613
57710
45423
45424
61809
61810
61811
61812
49525
45430
53623
61816
49529
57722
49531
45436
49533
57726
61823
53632
49537
57730
61827
57732
49541
45446
53639
57736
61833
61834
61835
53644
49549
53646
49551
53648
45457
57746
57747
45460
57749
45462
53655
45464
53657
53658
49563
61852
61853
57758
57759
49568
49569
49570
61859
57764
53669
49574
49575
57768
57769
53674
61867
61868
53677
61870
61871
61872
61873
45490
61875
57780
57781
53686
57783
45496
49593
53690
53691
53692
61885
49598
49599
53696
45505
57794
57795
49604
45509
45510
57799
45512
45513
45514
61899
61900
61901
57806
57807
61904
57809
53714
53715
53716
61909
61910
49623
57816
61913
45530
49627
53724
49629
49630
53727
45536
45537
45538
45539
49636
53733
45542
61927
49640
57833
57834
53739
57836
49645
53742
53743
61936
61937
45554
57843
